1010
1090
1092
1094
1097
1114
1123
1126
1140
1148
1161
1166
1213
1213
1221
1229
1234
1249
1250
1254
1255
1255
1258
1261
1262
1304
1305
1322
1326
1327
1338
1350
1353
1357
1390
1394
1418
1427
1433
1453
1456
1457
1470
1494
1519
1530
1531
1541
1559
1579
1585
1626
1647
1654
1670
1697
1700
1735
1741
1742
1774
1782
1802
1809
1867
1876
1881
1887
1889
1900
1907
1922
1929
1946
1953
1958
1962
1974
1975
1985
1994
2003
2007
2035
2039
2041
2089
2090
2103
2105
2142
2173
2183
2185
2216
2217
2221
2226
2231
2237
2240
2267
2272
2290
2294
2304
2317
2331
2344
2376
2377
2379
2386
2399
2402
2406
2418
2421
2424
2438
2439
2454
2475
2478
2489
2499
2522
2524
2553
2568
2592
2596
2615
2623
2665
2673
2680
2709
2714
2735
2747
2748
2763
2775
2777
2812
2828
2829
2830
2837
2837
2838
2840
2846
2859
2878
2895
2909
2912
2921
2922
2934
2936
2949
2950
2961
2978
2984
3001
3003
3008
3014
3019
3029
3040
3041
3046
3061
3092
3102
3107
3112
3118
3132
3137
3138
3141
3156
3173
3182
3186
3196
3209
3223
3225
3235
3239
3239
3255
3256
3256
3269
3274
3284
3290
3292
3317
3319
3328
3341
3347
3362
3362
3370
3373
3380
3380
3381
3382
3386
3389
3419
3435
3438
3444
3461
3465
3478
3488
3497
3503
3503
3509
3521
3536
3544
3550
3554
3557
3560
3566
3570
3572
3590
3594
3598
3609
3616
3621
3623
3626
3635
3635
3641
3653
3659
3661
3666
3667
3672
3674
3684
3688
3692
3702
3704
3715
3739
3746
3753
3753
3758
3761
3783
3790
3803
3805
3821
3824
3825
3828
3839
3840
3861
3882
3884
3890
3892
3909
3932
3935
3948
3952
3953
3958
3969
3972
3983
3985
3986
4004
4005
4019
4029
4034
4037
4041
4041
4041
4042
4043
4044
4056
4060
4065
4088
4093
4096
4096
4104
4104
4163
4167
4174
4185
4189
4193
4199
4207
4209
4213
4215
4232
4234
4239
4257
4262
4267
4273
4280
4317
4322
4323
4331
4334
4334
4353
4363
4368
4374
4396
4405
4413
4413
4414
4416
4429
4444
4444
4456
4460
4469
4471
4472
4473
4486
4496
4519
4522
4538
4547
4554
4555
4555
4557
4562
4563
4579
4579
4581
4584
4600
4603
4609
4621
4622
4639
4643
4644
4668
4674
4686
4691
4694
4695
4708
4711
4715
4720
4721
4738
4740
4743
4746
4756
4761
4770
4771
4776
4778
4801
4802
4804
4805
4806
4812
4812
4836
4844
4858
4868
4874
4878
4880
4883
4887
4889
4891
4893
4902
4906
4914
4919
4930
4940
4950
4953
4993
5012
5014
5016
5023
5049
5054
5065
5080
5082
5082
5110
5135
5136
5137
5139
5146
5149
5151
5156
5160
5173
5173
5175
5183
5185
5209
5223
5225
5229
5230
5232
5235
5236
5255
5265
5278
5283
5288
5289
5294
5298
5301
5303
5303
5306
5316
5321
5322
5326
5328
5328
5348
5352
5355
5357
5358
5359
5378
5380
5383
5384
5395
5399
5405
5406
5408
5421
5422
5439
5465
5473
5474
5481
5481
5491
5496
5499
5499
5503
5508
5515
5516
5517
5523
5537
5543
5548
5557
5562
5563
5569
5570
5576
5579
5581
5588
5591
5603
5604
5618
5623
5624
5632
5635
5647
5659
5660
5663
5669
5675
5678
5680
5685
5702
5703
5704
5713
5715
5719
5719
5722
5724
5725
5725
5726
5727
5730
5739
5747
5751
5752
5765
5768
5770
5789
5799
5801
5804
5804
5805
5806
5816
5818
5823
5823
5830
5838
5844
5846
5849
5852
5856
5860
5865
5866
5873
5875
5877
5887
5891
5907
5909
5914
5916
5917
5927
5936
5938
5945
5957
5964
6012
6013
6015
6027
6029
6035
6046
6048
6053
6058
6068
6096
6100
6103
6110
6115
6118
6131
6135
6140
6145
6150
6169
6173
6175
6176
6178
6193
6194
6205
6213
6234
6238
6239
6242
6244
6247
6253
6253
6255
6257
6269
6279
6280
6281
6283
6299
6303
6305
6310
6312
6313
6324
6325
6327
6333
6339
6342
6351
6356
6364
6370
6373
6379
6385
6396
6399
6401
6408
6418
6426
6427
6434
6438
6438
6441
6443
6448
6464
6466
6467
6468
6468
6469
6473
6484
6487
6487
6490
6493
6495
6497
6507
6517
6519
6519
6523
6531
6540
6540
6543
6547
6555
6560
6563
6567
6571
6581
6581
6590
6593
6608
6609
6622
6626
6628
6634
6635
6636
6648
6648
6648
6649
6669
6669
6671
6675
6677
6681
6693
6693
6703
6713
6719
6745
6746
6762
6764
6766
6772
6785
6794
6809
6811
6811
6812
6818
6819
6831
6831
6834
6844
6845
6854
6860
6862
6868
6868
6869
6871
6875
6879
6883
6894
6895
6907
6912
6920
6926
6933
6937
6939
6941
6949
6950
6951
6954
6959
6963
6964
6969
6971
6984
6989
6995
6995
7002
7002
7006
7014
7018
7026
7031
7033
7059
7063
7078
7079
7084
7085
7088
7090
7092
7126
7129
7143
7144
7148
7148
7152
7153
7156
7162
7163
7177
7189
7206
7225
7247
7251
7260
7262
7269
7271
7271
7273
7277
7281
7282
7283
7288
7303
7303
7308
7309
7312
7321
7322
7325
7329
7331
7337
7347
7349
7349
7351
7354
7355
7359
7364
7367
7367
7369
7377
7381
7386
7387
7389
7390
7390
7390
7393
7394
7402
7402
7407
7414
7428
7430
7433
7434
7435
7437
7449
7458
7472
7480
7484
7500
7505
7505
7508
7512
7521
7527
7532
7542
7545
7551
7558
7576
7576
7578
7591
7593
7598
7603
7605
7611
7614
7622
7624
7633
7635
7640
7644
7646
7656
7658
7662
7664
7665
7665
7666
7675
7676
7679
7684
7687
7690
7693
7698
7702
7707
7714
7716
7728
7736
7747
7754
7759
7759
7760
7761
7762
7763
7765
7778
7787
7790
7796
7797
7799
7805
7810
7811
7817
7822
7833
7834
7835
7836
7836
7837
7839
7850
7862
7864
7864
7870
7872
7873
7880
7881
7884
7885
7885
7886
7889
7891
7908
7909
7914
7914
7918
7919
7922
7926
7927
7937
7939
7944
7947
7952
7952
7954
7958
7963
7969
7971
7972
7977
7990
8012
8014
8020
8026
8029
8044
8048
8049
8051
8051
8065
8065
8080
8095
8103
8108
8116
8117
8117
8120
8124
8127
8127
8134
8139
8141
8153
8164
8168
8173
8176
8178
8180
8181
8183
8184
8197
8198
8199
8208
8237
8239
8240
8244
8245
8247
8247
8252
8260
8264
8267
8268
8271
8271
8280
8287
8294
8304
8306
8312
8322
8323
8329
8333
8338
8345
8349
8351
8356
8357
8364
8370
8377
8377
8378
8384
8387
8387
8393
8401
8404
8410
8412
8413
8413
8415
8422
8425
8427
8427
8432
8435
8436
8437
8439
8440
8446
8452
8453
8463
8492
8492
8494
8500
8527
8531
8538
8538
8543
8547
8553
8562
8568
8583
8585
8587
8588
8588
8591
8592
8599
8601
8627
8635
8644
8650
8670
8700
8705
8706
8716
8718
8719
8719
8722
8725
8727
8730
8732
8739
8740
8751
8753
8755
8758
8762
8762
8776
8777
8780
8784
8818
8818
8824
8838
8844
8844
8848
8853
8855
8863
8864
8865
8868
8870
8877
8879
8886
8903
8912
8915
8916
8925
8925
8936
8941
8947
8948
8959
8962
8969
8970
8971
8980
8986
8998
9002
9002
9010
9010
9014
9019
9046
9053
9055
9055
9067
9072
9075
9076
9087
9089
9092
9110
9112
9116
9119
9123
9124
9136
9136
9146
9151
9155
9158
9160
9165
9166
9171
9184
9195
9199
9201
9207
9215
9218
9224
9226
9229
9239
9240
9243
9261
9267
9268
9277
9278
9281
9281
9296
9298
9299
9308
9311
9313
9316
9329
9347
9354
9362
9363
9363
9363
9371
9388
9395
9398
9398
9399
9405
9405
9416
9424
9425
9432
9441
9446
9461
9465
9467
9471
9473
9474
9475
9476
9477
9480
9483
9484
9484
9491
9493
9499
9502
9512
9534
9535
9552
9557
9560
9561
9566
9569
9570
9575
9575
9577
9593
9601
9607
9608
9612
9626
9628
9630
9630
9639
9646
9650
9660
9663
9666
9671
9674
9681
9682
9696
9702
9709
9716
9753
9753
9767
9773
9774
9781
9785
9787
9798
9809
9809
9811
9811
9827
9830
9843
9846
9846
9862
9871
9872
9874
9876
9884
9899
9902
9919
9923
9933
9936
9955
9956
9969
9971
9978
9982
9983
9991
10006
10008
10026
10042
10046
10060
10065
10066
10071
10072
10076
10083
10084
10094
10097
10110
10116
10129
10134
10143
10163
10166
10184
10186
10188
10188
10191
10198
10214
10240
10244
10245
10247
10254
10255
10256
10260
10261
10261
10263
10271
10274
10276
10278
10295
10303
10307
10311
10318
10332
10343
10346
10348
10348
10349
10351
10362
10367
10369
10375
10378
10391
10396
10398
10402
10407
10410
10425
10429
10438
10441
10443
10458
10481
10486
10500
10504
10510
10526
10534
10537
10537
10540
10560
10581
10598
10611
10620
10631
10637
10642
10655
10656
10666
10679
10683
10689
10705
10706
10713
10718
10732
10735
10747
10751
10756
10759
10760
10782
10795
10803
10816
10824
10835
10838
10840
10847
10855
10858
10870
10882
10889
10897
10910
10916
10940
10940
10954
10969
10974
10978
10982
10987
10988
11015
11021
11023
11054
11058
11067
11084
11091
11107
11128
11132
11162
11163
11180
11212
11219
11235
11242
11259
11267
11282
11284
11292
11301
11315
11332
11381
11382
11399
11403
11415
11428
11431
11443
11444
11447
11467
11472
11483
11498
11517
11524
11527
11539
11566
11590
11591
11603
11616
11623
11625
11626
11654
11661
11662
11672
11673
11679
11686
11695
11700
11700
11709
11711
11713
11738
11740
11743
11756
11765
11769
11773
11778
11780
11783
11787
11790
11794
11810
11815
11818
11823
11830
11836
11845
11857
11860
11869
11926
11930
11933
11950
11951
11952
11958
11963
11968
11992
12005
12022
12033
12034
12040
12043
12049
12069
12077
12080
12131
12133
12141
12161
12194
12231
12244
12248
12254
12272
12277
12298
12330
12331
12347
12347
12359
12360
12362
12362
12369
12402
12404
12424
12430
12450
12455
12477
12482
12487
12509
12517
12530
12552
12554
12556
12575
12610
12633
12646
12648
12655
12655
12656
12665
12665
12666
12688
12700
12727
12735
12753
12767
12788
12817
12852
12878
12889
12892
12923
12925
12929
12931
12949
12972
12983
13013
13019
13054
13069
13070
13076
13085
13088
13099
13113
13118
13127
13137
13146
13149
13177
13191
13200
13214
13217
13223
13226
13238
13250
13260
13262
13270
13285
13300
13323
13338
13344
13365
13436
13489
13495
13498
13527
13534
13559
13575
13600
13617
13617
13619
13629
13635
13667
13671
13671
13683
13730
13757
13777
13800
13801
13812
13836
13838
13846
13901
13902
13909
13915
13922
13955
13996
14033
14041
14057
14062
14092
14147
14159
14185
14209
14234
14289
14325
14374
14377
14393
14399
14412
14432
14450
14469
14518
14558
14562
14571
14578
14586
14597
14608
14659
14674
14759
14790
14823
14846
14863
14883
14898
14899
14908
14939
14947
14988
15110
15143
15151
15173
15196
15235
15286
15296
15398
15398
15447
15458
15506
15520
15542
15554
15569
15569
15611
15759
15789
15817
15838
15845
15865
15898
15920
16023
16024
16037
16105
16133
16172
16267
16291
16294
16311
16337
16360
16404
16409
16459
16466
16475
16527
16532
16611
16710
16713
16803
16806
16851
16909
16961
17000
17003
17203
17304
17362
17391
17400
17406
17484
17491
17512
17519
17594
17599
17609
17629
17650
17668
17703
17726
17908
17914
18006
18035
18071
18116
18131
18150
18154
18163
18209
18746
18887
18906
18962
19006
19048
19506
19657
19754
19972
19972
20137
20184
20762
20775
20921
20996
21009
21229
21328
21334
21398
21412
21746
21805
21973
22118
22524
22568
22830
22897
22970
23400
24473
25049
25433
25600
26429
27425
31157
38903
42451
44947
