1	1	11284	0	0
2	1	9561	2872	0
3	1	10756	5312	0
4	1	15569	8052	0
5	1	13836	11996	0
6	1	14898	15504	0
7	1	5768	19280	0
8	1	5298	20772	0
9	1	5465	22148	0
10	1	16360	23564	0
11	1	21334	27704	0
12	1	14234	33088	0
13	1	5887	36696	0
14	1	5321	38216	0
15	1	5588	39596	0
16	1	5603	41044	0
17	1	5799	42496	0
18	1	5023	43996	0
19	1	16803	45300	0
20	1	15398	49552	0
21	1	16023	53452	0
22	1	3659	57508	0
23	1	3380	58472	0
24	1	3381	59368	0
25	1	12482	60264	0
26	1	10186	63436	0
27	1	12077	66032	0
28	1	2524	69100	0
29	1	1958	69780	0
30	1	2568	70320	0
31	1	12359	71012	0
32	1	10683	74152	0
33	1	11672	76872	0
34	1	6812	79840	0
35	1	6257	81592	0
36	1	6507	83208	0
37	1	24473	84884	0
38	1	21973	91052	0
39	1	23400	96596	0
40	1	6868	102496	0
41	1	5722	104264	0
42	1	5873	105744	0
43	1	9243	107264	0
44	1	7665	109624	0
45	1	8903	111592	0
46	1	6969	113868	0
47	1	6194	115660	0
48	1	6466	117260	0
49	1	3753	118928	0
50	1	3626	119916	0
51	1	3256	120872	0
52	1	5830	121736	0
53	1	5012	123244	0
54	1	6244	124548	0
55	1	8583	126160	0
56	1	7736	128356	0
57	1	7918	130340	0
58	1	6912	132368	0
59	1	5322	134144	0
60	1	7505	135524	0
61	1	3182	137452	0
62	1	2777	138296	0
63	1	3983	139040	0
64	1	6819	140084	0
65	1	6283	141840	0
66	1	6523	143460	0
67	1	17203	145140	0
68	1	15447	149492	0
69	1	17512	153404	0
70	1	5591	157832	0
71	1	4802	159280	0
72	1	5481	160532	0
73	1	13955	161952	0
74	1	11857	165492	0
75	1	18746	168508	0
76	1	14374	173244	0
77	1	12080	176888	0
78	1	14185	179956	0
79	1	13019	183552	0
80	1	12005	186856	0
81	1	11926	189908	0
82	1	5306	192940	0
83	1	4812	194316	0
84	1	5173	195568	0
85	1	9919	196912	0
86	1	9002	199440	0
87	1	9441	201740	0
88	1	21805	204152	0
89	1	19506	209652	0
90	1	31157	214580	0
91	1	8591	222420	0
92	1	7864	224616	0
93	1	7656	226632	0
94	1	9055	228596	0
95	1	8351	230908	0
96	1	8387	233044	0
97	1	9830	235192	0
98	1	9075	237700	0
99	1	9053	240020	0
100	1	3557	242332	0
101	1	4207	243272	0
102	1	2922	244372	0
103	1	14939	245152	0
104	1	13801	248936	0
105	1	13838	252436	0
106	1	10110	255944	0
107	1	9316	258520	0
108	1	9240	260900	0
109	1	14469	263260	0
110	1	12424	266928	0
111	1	13777	270084	0
112	1	9843	273580	0
113	1	9473	276092	0
114	1	9278	278512	0
115	1	9146	280880	0
116	1	7367	283216	0
117	1	9215	285108	0
118	1	14033	287460	0
119	1	11860	291020	0
120	1	13200	294036	0
121	1	7033	297384	0
122	1	6497	299192	0
123	1	6547	300868	0
124	1	22568	302556	0
125	1	20775	308248	0
126	1	21412	313492	0
127	1	7728	318896	0
128	1	7156	320876	0
129	1	7347	322716	0
130	1	13559	324604	0
131	1	12633	328044	0
132	1	12892	331252	0
133	1	14578	334524	0
134	1	12554	338220	0
135	1	13915	341408	0
136	1	13149	344936	0
137	1	11709	348272	0
138	1	12043	351248	0
139	1	8762	354308	0
140	1	7926	356548	0
141	1	8323	358580	0
142	1	10637	360712	0
143	1	9268	363420	0
144	1	10260	365788	0
145	1	10295	368404	0
146	1	9298	371028	0
147	1	9575	373404	0
148	1	7881	375848	0
149	1	7006	377868	0
150	1	7349	379668	0
151	1	9471	381556	0
152	1	8268	383972	0
153	1	8588	386088	0
154	1	2846	388284	0
155	1	2216	389044	0
156	1	2830	389648	0
157	1	13338	390404	0
158	1	9424	393788	0
159	1	13617	396192	0
160	1	10486	399648	0
161	1	8184	402320	0
162	1	10410	404416	0
163	1	13076	407068	0
164	1	11933	410388	0
165	1	11591	413420	0
166	1	2089	416368	0
167	1	1647	416940	0
168	1	2424	417400	0
169	1	17400	418056	0
170	1	15235	422456	0
171	1	16713	426316	0
172	1	3783	430544	0
173	1	5137	431540	0
174	1	3590	432876	0
175	1	14209	433824	0
176	1	12878	437428	0
177	1	13489	440696	0
178	1	10631	444120	0
179	1	8531	446828	0
180	1	10897	449012	0
181	1	3821	451788	0
182	1	3641	452792	0
183	1	3570	453752	0
184	1	8730	454696	0
185	1	7611	456928	0
186	1	8260	458880	0
187	1	18150	460996	0
188	1	18071	465584	0
189	1	16294	470152	0
190	1	3572	474276	0
191	1	3269	475220	0
192	1	3255	476088	0
193	1	14147	476952	0
194	1	11930	480540	0
195	1	13270	483572	0
196	1	7260	486940	0
197	1	6396	488804	0
198	1	6693	490452	0
199	1	7937	492176	0
200	1	7312	494212	0
201	1	7576	496088	0
202	1	14863	498032	0
203	1	13635	501796	0
204	1	14597	505256	0
205	1	4472	508956	0
206	1	4199	510124	0
207	1	4019	511224	0
208	1	4209	512280	0
209	1	4004	513384	0
210	1	5865	514436	0
211	1	6467	515952	0
212	1	5576	517620	0
213	1	6140	519064	0
214	1	3566	520648	0
215	1	3040	521588	0
216	1	3209	522396	0
217	1	25049	523248	0
218	1	22830	529560	0
219	1	22897	535316	0
220	1	3692	541092	0
221	1	3435	542064	0
222	1	3341	542972	0
223	1	8725	543856	0
224	1	7281	546088	0
225	1	8585	547960	0
226	1	16459	550156	0
227	1	16024	554320	0
228	1	15845	558376	0
229	1	1234	562388	0
230	1	1090	562748	0
231	1	1097	563072	0
232	1	13909	563396	0
233	1	12655	566924	0
234	1	13300	570136	0
235	1	16409	573512	0
236	1	13730	577664	0
237	1	17629	581148	0
238	1	8117	585604	0
239	1	7337	587684	0
240	1	8410	589568	0
241	1	6255	591720	0
242	1	4919	593332	0
243	1	6247	594612	0
244	1	4579	596224	0
245	1	4257	597420	0
246	1	4639	598536	0
247	1	7177	599744	0
248	1	5647	601588	0
249	1	7059	603048	0
250	1	6995	604864	0
251	1	5726	606664	0
252	1	6490	608144	0
253	1	7603	609816	0
254	1	6941	611768	0
255	1	7152	613552	0
256	1	7954	615388	0
257	1	7079	617428	0
258	1	7666	619248	0
259	1	7759	621216	0
260	1	6443	623204	0
261	1	8012	624864	0
262	1	13629	626916	0
263	1	11091	630372	0
264	1	13902	633196	0
265	1	9010	636720	0
266	1	8178	639024	0
267	1	8753	641120	0
268	1	8588	643360	0
269	1	6468	645556	0
270	1	8705	647224	0
271	1	10858	649452	0
272	1	9119	652216	0
273	1	10655	654544	0
274	1	10718	657256	0
275	1	8378	659984	0
276	1	10375	662128	0
277	1	1390	664772	0
278	1	1166	665168	0
279	1	1394	665508	0
280	1	7885	665908	0
281	1	7640	667928	0
282	1	7251	669888	0
283	1	4413	671752	0
284	1	4034	672904	0
285	1	6379	673964	0
286	1	9593	675608	0
287	1	8439	678056	0
288	1	8959	680216	0
289	1	1900	682504	0
290	1	1700	683028	0
291	1	1867	683504	0
292	1	8124	684020	0
293	1	7684	686100	0
294	1	7747	688072	0
295	1	9534	690060	0
296	1	8706	692492	0
297	1	8650	694720	0
298	1	6563	696932	0
299	1	5770	698624	0
300	1	6193	700116	0
301	1	3107	701716	0
302	1	2978	702544	0
303	1	2909	703340	0
304	1	6178	704116	0
305	1	5730	705712	0
306	1	5719	707196	0
307	1	8758	708676	0
308	1	6831	710916	0
309	1	10443	712672	0
310	1	6324	715332	0
311	1	5408	716964	0
312	1	9477	718364	0
313	1	12133	720784	0
314	1	11162	723868	0
315	1	11467	726708	0
316	1	9371	729624	0
317	1	7836	732016	0
318	1	11778	734024	0
319	1	10537	737020	0
320	1	9483	739704	0
321	1	10244	742124	0
322	1	8422	744736	0
323	1	7558	746892	0
324	1	10084	748832	0
325	1	3704	751404	0
326	1	3173	752380	0
327	1	5406	753224	0
328	1	13137	754624	0
329	1	11566	757960	0
330	1	12817	760900	0
331	1	8865	764156	0
332	1	8240	766424	0
333	1	7088	768532	0
334	1	27425	770352	0
335	1	25433	777260	0
336	1	25600	783668	0
337	1	9158	790116	0
338	1	7873	792456	0
339	1	8844	794476	0
340	1	4444	796736	0
341	1	4603	797896	0
342	1	3544	799096	0
343	1	8415	800032	0
344	1	7614	802184	0
345	1	7927	804136	0
346	1	7822	806168	0
347	1	7576	808172	0
348	1	6834	810116	0
349	1	8026	811876	0
350	1	6869	813932	0
351	1	7690	815700	0
352	1	2379	817672	0
353	1	2231	818316	0
354	1	1994	818924	0
355	1	9123	819472	0
356	1	8164	821804	0
357	1	8886	823896	0
358	1	5916	826168	0
359	1	4579	827696	0
360	1	5581	828892	0
361	1	8427	830336	0
362	1	7367	832492	0
363	1	8120	834384	0
364	1	3008	836464	0
365	1	2402	837264	0
366	1	3284	837916	0
367	1	5080	838788	0
368	1	4163	840108	0
369	1	5175	841200	0
370	1	12034	842544	0
371	1	10348	845604	0
372	1	11773	848240	0
373	1	4193	851232	0
374	1	3909	852332	0
375	1	3948	853360	0
376	1	5149	854396	0
377	1	4232	855732	0
378	1	6540	856840	0
379	1	6100	858524	0
380	1	4743	860100	0
381	1	5914	861336	0
382	1	9201	862864	0
383	1	8271	865216	0
384	1	8670	867332	0
385	1	13812	869548	0
386	1	12509	873052	0
387	1	13054	876228	0
388	1	7085	879540	0
389	1	6327	881360	0
390	1	6831	882992	0
391	1	13617	884748	0
392	1	12455	888204	0
393	1	12610	891368	0
394	1	12277	894572	0
395	1	10256	897692	0
396	1	12272	900304	0
397	1	6971	903420	0
398	1	5719	905212	0
399	1	7676	906692	0
400	1	8732	908660	0
401	1	8245	910892	0
402	1	8180	913004	0
403	1	5891	915100	0
404	1	4858	916624	0
405	1	5570	917888	0
406	1	9630	919332	0
407	1	9136	921788	0
408	1	8739	924120	0
409	1	6581	926356	0
410	1	5844	928052	0
411	1	6279	929564	0
412	1	11695	931184	0
413	1	10889	934156	0
414	1	10838	936928	0
415	1	13527	939688	0
416	1	12430	943120	0
417	1	12530	946276	0
418	1	10870	949460	0
419	1	10097	952228	0
420	1	10116	954804	0
421	1	6933	957384	0
422	1	6448	959168	0
423	1	6029	960828	0
424	1	3362	962384	0
425	1	2829	963276	0
426	1	5160	964032	0
427	1	10348	965372	0
428	1	8312	968008	0
429	1	10247	970136	0
430	1	15286	972748	0
431	1	13575	976620	0
432	1	14790	980064	0
433	1	17650	983812	0
434	1	15898	988276	0
435	1	16527	992300	0
436	1	22524	996480	0
437	1	21746	1002160	0
438	1	21398	1007648	0
439	1	6487	1013048	0
440	1	5624	1014720	0
441	1	6401	1016176	0
442	1	6636	1017828	0
443	1	6053	1019536	0
444	1	6239	1021100	0
445	1	6269	1022708	0
446	1	4771	1024324	0
447	1	6593	1025568	0
448	1	7644	1027268	0
449	1	6648	1029228	0
450	1	8294	1030940	0
451	1	10537	1033064	0
452	1	8838	1035748	0
453	1	10349	1038008	0
454	1	11292	1040644	0
455	1	9798	1043516	0
456	1	10706	1046016	0
457	1	8970	1048744	0
458	1	8199	1051036	0
459	1	8440	1053136	0
460	1	9465	1055296	0
461	1	8287	1057712	0
462	1	8818	1059832	0
463	1	10083	1062088	0
464	1	8716	1064660	0
465	1	9395	1066888	0
466	1	4405	1069288	0
467	1	3739	1070440	0
468	1	4953	1071424	0
469	1	10540	1072712	0
470	1	9785	1075396	0
471	1	8870	1077892	0
472	1	11084	1080160	0
473	1	10982	1082980	0
474	1	9399	1085776	0
475	1	7369	1088176	0
476	1	6713	1090068	0
477	1	6950	1091796	0
478	1	2878	1093584	0
479	1	2838	1094352	0
480	1	2376	1095112	0
481	1	16037	1095756	0
482	1	14558	1099816	0
483	1	14988	1103504	0
484	1	1092	1107300	0
485	1	1148	1107624	0
486	1	10188	1107960	0
487	1	9229	1110556	0
488	1	9781	1112912	0
489	1	2003	1115408	0
490	1	1654	1115960	0
491	1	3029	1116424	0
492	1	9207	1117232	0
493	1	8384	1119584	0
494	1	8780	1121728	0
495	1	1126	1123972	0
496	1	1258	1124304	0
497	1	6693	1124668	0
498	1	5316	1126392	0
499	1	7031	1127772	0
500	1	18035	1129580	0
501	1	16311	1134140	0
502	1	17594	1138268	0
503	1	4721	1142716	0
504	1	3953	1143948	0
505	1	4444	1144988	0
506	1	5156	1146148	0
507	1	4761	1147488	0
508	1	4930	1148728	0
509	1	8338	1150012	0
510	1	7811	1152148	0
511	1	7716	1154152	0
512	1	5964	1156132	0
513	1	5866	1157672	0
514	1	5499	1159188	0
515	1	11067	1160612	0
516	1	10094	1163428	0
517	1	17599	1166000	0
518	1	10008	1170448	0
519	1	7817	1173000	0
520	1	10129	1175004	0
521	1	6560	1177588	0
522	1	5680	1179276	0
523	1	6399	1180744	0
524	1	8879	1182392	0
525	1	8173	1184660	0
526	1	8239	1186752	0
527	1	17003	1188860	0
528	1	15110	1193160	0
529	1	16267	1196988	0
530	1	3824	1201104	0
531	1	3465	1202108	0
532	1	3554	1203024	0
533	1	7527	1203964	0
534	1	6675	1205896	0
535	1	7269	1207616	0
536	1	14325	1209484	0
537	1	13191	1213116	0
538	1	13250	1216464	0
539	1	9480	1219828	0
540	1	8329	1222248	0
541	1	9165	1224380	0
542	1	3635	1226720	0
543	1	3019	1227680	0
544	1	4563	1228484	0
545	1	5135	1229676	0
546	1	4776	1231008	0
547	1	4805	1232252	0
548	1	1946	1233504	0
549	1	1559	1234040	0
550	1	1907	1234480	0
551	1	8547	1235008	0
552	1	7687	1237196	0
553	1	8139	1239168	0
554	1	13070	1241252	0
555	1	10526	1244568	0
556	1	12666	1247248	0
557	1	11963	1250464	0
558	1	10369	1253504	0
559	1	11673	1256148	0
560	1	6964	1259116	0
561	1	6441	1260908	0
562	1	6590	1262568	0
563	1	6671	1264264	0
564	1	6015	1265980	0
565	1	7271	1267532	0
566	1	1305	1269400	0
567	1	1114	1269776	0
568	1	1249	1270104	0
569	1	5747	1270468	0
570	1	4891	1271956	0
571	1	5702	1273228	0
572	1	8912	1274704	0
573	1	8065	1276980	0
574	1	8393	1279048	0
575	1	5255	1281196	0
576	1	4273	1282560	0
577	1	5618	1283680	0
578	1	4037	1285136	0
579	1	3536	1286196	0
580	1	3892	1287128	0
581	1	3790	1288152	0
582	1	3389	1289148	0
583	1	3503	1290044	0
584	1	7189	1290968	0
585	1	5860	1292816	0
586	1	6766	1294332	0
587	1	12298	1296072	0
588	1	11301	1299196	0
589	1	11686	1302072	0
590	1	6517	1305044	0
591	1	5703	1306724	0
592	1	6333	1308200	0
593	1	6096	1309832	0
594	1	4893	1311404	0
595	1	7430	1312676	0
596	1	4993	1314584	0
597	1	4239	1315884	0
598	1	5765	1316992	0
599	1	9461	1318484	0
600	1	8969	1320900	0
601	1	8500	1323192	0
602	1	4262	1325368	0
603	1	3969	1326484	0
604	1	3986	1327528	0
605	1	2828	1328576	0
606	1	2615	1329332	0
607	1	2499	1330036	0
608	1	15196	1330712	0
609	1	12735	1334560	0
610	1	14674	1337792	0
611	1	11661	1341512	0
612	1	10735	1344476	0
613	1	11259	1347208	0
614	1	11950	1350072	0
615	1	10855	1353108	0
616	1	10705	1355872	0
617	1	12040	1358600	0
618	1	9971	1361660	0
619	1	11679	1364204	0
620	1	7862	1367172	0
621	1	7206	1369188	0
622	1	7381	1371040	0
623	1	5823	1372936	0
624	1	4902	1374440	0
625	1	5523	1375716	0
626	1	19972	1377148	0
627	1	15817	1382192	0
628	1	20921	1386196	0
629	1	1470	1391476	0
630	1	1304	1391892	0
631	1	1353	1392268	0
632	1	6703	1392656	0
633	1	5678	1394380	0
634	1	7162	1395848	0
635	1	8364	1397688	0
636	1	6648	1399828	0
637	1	8700	1401540	0
638	1	8412	1403764	0
639	1	7414	1405916	0
640	1	7810	1407820	0
641	1	7512	1409824	0
642	1	6487	1411752	0
643	1	7390	1413424	0
644	1	8141	1415320	0
645	1	7354	1417404	0
646	1	7646	1419292	0
647	1	8948	1421252	0
648	1	7273	1423540	0
649	1	11021	1425408	0
650	1	17668	1428212	0
651	1	15173	1432680	0
652	1	16961	1436524	0
653	1	9846	1440816	0
654	1	9311	1443328	0
655	1	9639	1445704	0
656	1	5358	1448164	0
657	1	5395	1449552	0
658	1	4056	1450952	0
659	1	6949	1452016	0
660	1	6213	1453804	0
661	1	6253	1455408	0
662	1	8345	1457020	0
663	1	7288	1459156	0
664	1	8103	1461028	0
665	1	9773	1463104	0
666	1	9484	1465596	0
667	1	8538	1468016	0
668	1	12556	1470200	0
669	1	11769	1473388	0
670	1	12929	1476380	0
671	1	13262	1479664	0
672	1	11590	1483028	0
673	1	12700	1485976	0
674	1	10255	1489200	0
675	1	8941	1491812	0
676	1	9626	1494096	0
677	1	12487	1496552	0
678	1	10261	1499724	0
679	1	12450	1502340	0
680	1	7972	1505504	0
681	1	6495	1507548	0
682	1	8306	1509220	0
683	1	8044	1511348	0
684	1	7247	1513408	0
685	1	7598	1515268	0
686	1	11443	1517216	0
687	1	10458	1520128	0
688	1	10679	1522792	0
689	1	7958	1525512	0
690	1	7521	1527552	0
691	1	7026	1529484	0
692	1	9978	1531292	0
693	1	8427	1533836	0
694	1	9874	1535992	0
695	1	8740	1538512	0
696	1	7542	1540748	0
697	1	8333	1542684	0
698	1	3328	1544816	0
699	1	3382	1545696	0
700	1	2812	1546592	0
701	1	7664	1547344	0
702	1	6764	1549308	0
703	1	7331	1551048	0
704	1	7944	1552932	0
705	1	6907	1554968	0
706	1	7484	1556744	0
707	1	8176	1558664	0
708	1	6339	1560756	0
709	1	8627	1562392	0
710	1	5713	1564600	0
711	1	5229	1566080	0
712	1	5380	1567436	0
713	1	5849	1568832	0
714	1	6364	1570344	0
715	1	5151	1571984	0
716	1	12402	1573320	0
717	1	11315	1576472	0
718	1	11444	1579352	0
719	1	13085	1582264	0
720	1	11403	1585584	0
721	1	12656	1588484	0
722	1	9296	1591696	0
723	1	7836	1594068	0
724	1	9674	1596076	0
725	1	7593	1598544	0
726	1	7148	1600492	0
727	1	6854	1602328	0
728	1	8127	1604092	0
729	1	7277	1606172	0
730	1	7665	1608040	0
731	1	18006	1610008	0
732	1	16105	1614560	0
733	1	17484	1618636	0
734	1	3061	1623056	0
735	1	2775	1623872	0
736	1	2859	1624616	0
737	1	10840	1625380	0
738	1	9876	1628140	0
739	1	9872	1630660	0
740	1	2478	1633176	0
741	1	2294	1633844	0
742	1	2217	1634468	0
743	1	7308	1635072	0
744	1	6719	1636948	0
745	1	6762	1638676	0
746	1	2623	1640416	0
747	1	2317	1641120	0
748	1	3092	1641748	0
749	1	4185	1642572	0
750	1	3488	1643668	0
751	1	4720	1644588	0
752	1	11818	1645816	0
753	1	10332	1648820	0
754	1	11267	1651452	0
755	1	7349	1654320	0
756	1	6519	1656208	0
757	1	6879	1657888	0
758	1	4042	1659656	0
759	1	4686	1660716	0
760	1	3509	1661936	0
761	1	8252	1662864	0
762	1	7765	1664976	0
763	1	7754	1666968	0
764	1	16404	1668956	0
765	1	14908	1673108	0
766	1	15759	1676884	0
767	1	11015	1680872	0
768	1	8818	1683676	0
769	1	11783	1685932	0
770	1	8065	1688928	0
771	1	6571	1690996	0
772	1	8322	1692688	0
773	1	9809	1694820	0
774	1	9087	1697324	0
775	1	8599	1699644	0
776	1	8117	1701844	0
777	1	7433	1703924	0
778	1	7952	1705832	0
779	1	6135	1707868	0
780	1	5543	1709452	0
781	1	5945	1710888	0
782	1	9405	1712424	0
783	1	8267	1714824	0
784	1	8925	1716940	0
785	1	1213	1719220	0
786	1	1221	1719572	0
787	1	5499	1719928	0
788	1	4889	1721352	0
789	1	5352	1722624	0
790	1	3702	1724012	0
791	1	3319	1724988	0
792	1	3373	1725868	0
793	1	10071	1726760	0
794	1	8925	1729328	0
795	1	9696	1731608	0
796	1	9936	1734080	0
797	1	9112	1736612	0
798	1	9416	1738940	0
799	1	8824	1741344	0
800	1	8108	1743600	0
801	1	8357	1745676	0
802	1	6622	1747816	0
803	1	5685	1749520	0
804	1	7480	1750992	0
805	1	11163	1752912	0
806	1	10346	1755752	0
807	1	10620	1758388	0
808	1	12404	1761092	0
809	1	11399	1764244	0
810	1	11845	1767144	0
811	1	6310	1770156	0
812	1	5548	1771784	0
813	1	6173	1773220	0
814	1	6048	1774812	0
815	1	5503	1776372	0
816	1	5675	1777796	0
817	1	3746	1779264	0
818	1	3256	1780252	0
819	1	3688	1781116	0
820	1	9347	1782088	0
821	1	8452	1784476	0
822	1	8916	1786640	0
823	1	9681	1788920	0
824	1	9983	1791392	0
825	1	9329	1793936	0
826	1	7434	1796320	0
827	1	6669	1798228	0
828	1	7143	1799944	0
829	1	3890	1801780	0
830	1	3803	1802804	0
831	1	3347	1803804	0
832	1	1531	1804692	0
833	1	1262	1805124	0
834	1	1457	1805488	0
835	1	7321	1805904	0
836	1	6794	1807784	0
837	1	6469	1809532	0
838	1	10143	1811200	0
839	1	9362	1813784	0
840	1	9502	1816176	0
841	1	6468	1818600	0
842	1	5669	1820268	0
843	1	6253	1821736	0
844	1	10425	1823348	0
845	1	9628	1826004	0
846	1	9933	1828460	0
847	1	10534	1830992	0
848	1	9774	1833676	0
849	1	9577	1836168	0
850	1	6351	1838612	0
851	1	4880	1840248	0
852	1	6110	1841516	0
853	1	7693	1843092	0
854	1	6234	1845064	0
855	1	8356	1846672	0
856	1	9092	1848812	0
857	1	8168	1851136	0
858	1	8437	1853228	0
859	1	5439	1855388	0
860	1	5289	1856796	0
861	1	4547	1858168	0
862	1	8049	1859356	0
863	1	6746	1861420	0
864	1	7990	1863156	0
865	1	7435	1865204	0
866	1	6427	1867112	0
867	1	7387	1868768	0
868	1	5752	1870664	0
869	1	4874	1872152	0
870	1	5405	1873420	0
871	1	20184	1874820	0
872	1	15520	1879916	0
873	1	21328	1883844	0
874	1	5082	1889224	0
875	1	4215	1890544	0
876	1	4844	1891648	0
877	1	21009	1892908	0
878	1	19048	1898212	0
879	1	20137	1903024	0
880	1	3985	1908108	0
881	1	3623	1909156	0
882	1	3715	1910112	0
883	1	6176	1911092	0
884	1	7437	1912684	0
885	1	5301	1914592	0
886	1	10076	1915968	0
887	1	9136	1918536	0
888	1	11780	1920868	0
889	1	13800	1923864	0
890	1	12648	1927364	0
891	1	13118	1930576	0
892	1	6608	1933904	0
893	1	6373	1935604	0
894	1	5846	1937248	0
895	1	5516	1938760	0
896	1	4555	1940188	0
897	1	7472	1941376	0
898	1	5877	1943292	0
899	1	5232	1944812	0
900	1	5399	1946168	0
901	1	9956	1947568	0
902	1	8492	1950108	0
903	1	9612	1952280	0
904	1	10988	1954732	0
905	1	10916	1957528	0
906	1	10245	1960308	0
907	1	3861	1962920	0
908	1	5515	1963936	0
909	1	3380	1965364	0
910	1	17726	1966260	0
911	1	15296	1970740	0
912	1	17362	1974612	0
913	1	4496	1979004	0
914	1	5491	1980176	0
915	1	3805	1981600	0
916	1	11765	1982600	0
917	1	10276	1985592	0
918	1	11023	1988212	0
919	1	9354	1991016	0
920	1	8718	1993404	0
921	1	8719	1995632	0
922	1	3884	1997860	0
923	1	4674	1998880	0
924	1	3478	2000100	0
925	1	15865	2001020	0
926	1	14759	2005036	0
927	1	14571	2008776	0
928	1	2142	2012468	0
929	1	1876	2013052	0
930	1	2596	2013572	0
931	1	1229	2014272	0
932	1	1094	2014628	0
933	1	1123	2014952	0
934	1	10278	2015284	0
935	1	9363	2017904	0
936	1	9827	2020296	0
937	1	9557	2022804	0
938	1	9110	2025244	0
939	1	8435	2027572	0
940	1	3839	2029732	0
941	1	3598	2030740	0
942	1	3635	2031688	0
943	1	15554	2032648	0
944	1	14062	2036588	0
945	1	14518	2040152	0
946	1	18154	2043832	0
947	1	15611	2048420	0
948	1	17391	2052372	0
949	1	4060	2056768	0
950	1	3362	2057832	0
951	1	4041	2058724	0
952	1	7390	2059784	0
953	1	6342	2061680	0
954	1	10065	2063316	0
955	1	11332	2065884	0
956	1	9811	2068768	0
957	1	10429	2071272	0
958	1	11517	2073928	0
959	1	9969	2076856	0
960	1	11058	2079400	0
961	1	8762	2082216	0
962	1	8048	2084456	0
963	1	7864	2086516	0
964	1	8568	2088532	0
965	1	7891	2090724	0
966	1	7939	2092748	0
967	1	5236	2094784	0
968	1	4738	2096144	0
969	1	8543	2097380	0
970	1	11810	2099564	0
971	1	10747	2102568	0
972	1	11381	2105304	0
973	1	4088	2108200	0
974	1	3138	2109272	0
975	1	4414	2110108	0
976	1	8080	2111260	0
977	1	7084	2113328	0
978	1	7635	2115148	0
979	1	5384	2117108	0
980	1	4519	2118504	0
981	1	8208	2119684	0
982	1	9716	2121784	0
983	1	8980	2124264	0
984	1	8727	2126560	0
985	1	7351	2128792	0
986	1	6811	2130680	0
987	1	6772	2132432	0
988	1	4554	2134176	0
989	1	4883	2135364	0
990	1	3828	2136636	0
991	1	13069	2137644	0
992	1	11219	2140960	0
993	1	13260	2143816	0
994	1	11616	2147180	0
995	1	9560	2150132	0
996	1	11539	2152572	0
997	1	22118	2155508	0
998	1	19972	2161088	0
999	1	20762	2166132	0
1000	1	4538	2171372	0
1001	1	3761	2172556	0
1002	1	6677	2173548	0
1003	1	1357	2175268	0
1004	1	1809	2175656	0
1005	1	1962	2176160	0
1006	1	1530	2176700	0
1007	1	14659	2177132	0
1008	1	13177	2180848	0
1009	1	14057	2184192	0
1010	1	8029	2187756	0
1011	1	7393	2189812	0
1012	1	7675	2191712	0
1013	1	3003	2193680	0
1014	1	2837	2194480	0
1015	1	2840	2195240	0
1016	1	11483	2196000	0
1017	1	10184	2198920	0
1018	1	10940	2201516	0
1019	1	8014	2204300	0
1020	1	7707	2206352	0
1021	1	6871	2208328	0
1022	1	14432	2210096	0
1023	1	12767	2213752	0
1024	1	13757	2216992	0
1025	1	12727	2220480	0
1026	1	10598	2223712	0
1027	1	16291	2226412	0
1028	1	4914	2230536	0
1029	1	4708	2231816	0
1030	1	4555	2233044	0
1031	1	11815	2234232	0
1032	1	10732	2237236	0
1033	1	11132	2239968	0
1034	1	5727	2242800	0
1035	1	5209	2244280	0
1036	1	5328	2245632	0
1037	1	6519	2247012	0
1038	1	5579	2248692	0
1039	1	9155	2250136	0
1040	1	8198	2252476	0
1041	1	7762	2254576	0
1042	1	7505	2256568	0
1043	1	7532	2258496	0
1044	1	6169	2260428	0
1045	1	9067	2262020	0
1046	1	13667	2264336	0
1047	1	11107	2267804	0
1048	1	13436	2270632	0
1049	1	4213	2274040	0
1050	1	3958	2275144	0
1051	1	3840	2276184	0
1052	1	5225	2277192	0
1053	1	6058	2278548	0
1054	1	4711	2280112	0
1055	1	9811	2281340	0
1056	1	9313	2283844	0
1057	1	9116	2286224	0
1058	1	8051	2288552	0
1059	1	7390	2290616	0
1060	1	10581	2292512	0
1061	1	13323	2295208	0
1062	1	11992	2298588	0
1063	1	12646	2301636	0
1064	1	6280	2304848	0
1065	1	5789	2306468	0
1066	1	5907	2307964	0
1067	1	10274	2309492	0
1068	1	9171	2312112	0
1069	1	9552	2314456	0
1070	1	4334	2316892	0
1071	1	5816	2318024	0
1072	1	4041	2319528	0
1073	1	3041	2320588	0
1074	1	2522	2321400	0
1075	1	3014	2322080	0
1076	1	13600	2322884	0
1077	1	10759	2326332	0
1078	1	13495	2329072	0
1079	1	7578	2332496	0
1080	1	5957	2334440	0
1081	1	7837	2335980	0
1082	1	3521	2337988	0
1083	1	2895	2338920	0
1084	1	4353	2339692	0
1085	1	12161	2340832	0
1086	1	11472	2343924	0
1087	1	11524	2346840	0
1088	1	9899	2349772	0
1089	1	8719	2352296	0
1090	1	9425	2354524	0
1091	1	3503	2356932	0
1092	1	3825	2357856	0
1093	1	2912	2358864	0
1094	1	10398	2359640	0
1095	1	9299	2362288	0
1096	1	8986	2364664	0
1097	1	2489	2366960	0
1098	1	3046	2367632	0
1099	1	2173	2368444	0
1100	1	4806	2369036	0
1101	1	4043	2370288	0
1102	1	4868	2371348	0
1103	1	14823	2372616	0
1104	1	15398	2376372	0
1105	1	12889	2380272	0
1106	1	10974	2383544	0
1107	1	9575	2386336	0
1108	1	10198	2388780	0
1109	1	3196	2391380	0
1110	1	2438	2392228	0
1111	1	3419	2392888	0
1112	1	9787	2393792	0
1113	1	8134	2396288	0
1114	1	10060	2398372	0
1115	1	8280	2400936	0
1116	1	7714	2403056	0
1117	1	7886	2405036	0
1118	1	11738	2407056	0
1119	1	10500	2410040	0
1120	1	11128	2412716	0
1121	1	5383	2415548	0
1122	1	5283	2416944	0
1123	1	4643	2418316	0
1124	1	9884	2419528	0
1125	1	8947	2422048	0
1126	1	10803	2424336	0
1127	1	1213	2427088	0
1128	1	6299	2427440	0
1129	1	6012	2429064	0
1130	1	5875	2430616	0
1131	1	9281	2432136	0
1132	1	8562	2434508	0
1133	1	8784	2436700	0
1134	1	6926	2438944	0
1135	1	5823	2440724	0
1136	1	26429	2442228	0
1137	1	9467	2448884	0
1138	1	7778	2451300	0
1139	1	10441	2453296	0
1140	1	9767	2455956	0
1141	1	8247	2458448	0
1142	1	9666	2460560	0
1143	1	2103	2463028	0
1144	1	1774	2463604	0
1145	1	2035	2464096	0
1146	1	2949	2464656	0
1147	1	2747	2465444	0
1148	1	2714	2466180	0
1149	1	1541	2466908	0
1150	1	1261	2467344	0
1151	1	1670	2467708	0
1152	1	8644	2468176	0
1153	1	6937	2470388	0
1154	1	8751	2472172	0
1155	1	6844	2474408	0
1156	1	5659	2476168	0
1157	1	6581	2477632	0
1158	1	5183	2479328	0
1159	1	4456	2480672	0
1160	1	5725	2481836	0
1161	1	5294	2483316	0
1162	1	4562	2484688	0
1163	1	5185	2485880	0
1164	1	9475	2487228	0
1165	1	8587	2489648	0
1166	1	9002	2491844	0
1167	1	6995	2494144	0
1168	1	7402	2495944	0
1169	1	6035	2497844	0
1170	1	9660	2499404	0
1171	1	8181	2501868	0
1172	1	10188	2503964	0
1173	1	12231	2506560	0
1174	1	10978	2509668	0
1175	1	11787	2512464	0
1176	1	3667	2515460	0
1177	1	4522	2516428	0
1178	1	3132	2517608	0
1179	1	12972	2518440	0
1180	1	11498	2521732	0
1181	1	13223	2524656	0
1182	1	2665	2528012	0
1183	1	2185	2528728	0
1184	1	3112	2529324	0
1185	1	10006	2530152	0
1186	1	8436	2532704	0
1187	1	11626	2534864	0
1188	1	9398	2537820	0
1189	1	8776	2540220	0
1190	1	8404	2542464	0
1191	1	8446	2544616	0
1192	1	6626	2546776	0
1193	1	9010	2548484	0
1194	1	3621	2550788	0
1195	1	3102	2551744	0
1196	1	5328	2552568	0
1197	1	16532	2553948	0
1198	1	14608	2558132	0
1199	1	15920	2561832	0
1200	1	3609	2565860	0
1201	1	3666	2566812	0
1202	1	3223	2567780	0
1203	1	4368	2568636	0
1204	1	3653	2569776	0
1205	1	3972	2570740	0
1206	1	6303	2571784	0
1207	1	4906	2573408	0
1208	1	6635	2574684	0
1209	1	11447	2576392	0
1210	1	9398	2579304	0
1211	1	11623	2581704	0
1212	1	6046	2584660	0
1213	1	5938	2586220	0
1214	1	5623	2587756	0
1215	1	2673	2589212	0
1216	1	2386	2589932	0
1217	1	2553	2590580	0
1218	1	6131	2591268	0
1219	1	5557	2592852	0
1220	1	5804	2594292	0
1221	1	6649	2595792	0
1222	1	5818	2597504	0
1223	1	6305	2599008	0
1224	1	6628	2600636	0
1225	1	5421	2602344	0
1226	1	9630	2603748	0
1227	1	3672	2606204	0
1228	1	2961	2607172	0
1229	1	4460	2607964	0
1230	1	5704	2609128	0
1231	1	6118	2610604	0
1232	1	4691	2612184	0
1233	1	9151	2613408	0
1234	1	7309	2615744	0
1235	1	8844	2617620	0
1236	1	9224	2619880	0
1237	1	7662	2622236	0
1238	1	10402	2624200	0
1239	1	12983	2626852	0
1240	1	11823	2630148	0
1241	1	12362	2633152	0
1242	1	1456	2636292	0
1243	1	1327	2636704	0
1244	1	1322	2637084	0
1245	1	10835	2637464	0
1246	1	9753	2640224	0
1247	1	10407	2642712	0
1248	1	13146	2645364	0
1249	1	11713	2648700	0
1250	1	12655	2651680	0
1251	1	6895	2654892	0
1252	1	6438	2656664	0
1253	1	6464	2658324	0
1254	1	8247	2659988	0
1255	1	6540	2662100	0
1256	1	8051	2663784	0
1257	1	5917	2665848	0
1258	1	5517	2667376	0
1259	1	6875	2668804	0
1260	1	2748	2670572	0
1261	1	2406	2671308	0
1262	1	2475	2671960	0
1263	1	3317	2672628	0
1264	1	2936	2673508	0
1265	1	3225	2674292	0
1266	1	8755	2675148	0
1267	1	7359	2677388	0
1268	1	8463	2679276	0
1269	1	5715	2681440	0
1270	1	5303	2682920	0
1271	1	5278	2684296	0
1272	1	6027	2685664	0
1273	1	5146	2687220	0
1274	1	8635	2688556	0
1275	1	3461	2690764	0
1276	1	3239	2691680	0
1277	1	3239	2692540	0
1278	1	13013	2693400	0
1279	1	10163	2696704	0
1280	1	14092	2699296	0
1281	1	3550	2702868	0
1282	1	3141	2703804	0
1283	1	4778	2704640	0
1284	1	4323	2705884	0
1285	1	3594	2707016	0
1286	1	4104	2707964	0
1287	1	2735	2709040	0
1288	1	2344	2709772	0
1289	1	2680	2710408	0
1290	1	6883	2711128	0
1291	1	6103	2712900	0
1292	1	10367	2714476	0
1293	1	9089	2717116	0
1294	1	8127	2719440	0
1295	1	8877	2721520	0
1296	1	7839	2723788	0
1297	1	7002	2725796	0
1298	1	7126	2727596	0
1299	1	12949	2729428	0
1300	1	12033	2732716	0
1301	1	11756	2735776	0
1302	1	14899	2738764	0
1303	1	13996	2742540	0
1304	1	13901	2746088	0
1305	1	2421	2749612	0
1306	1	2290	2750268	0
1307	1	2304	2750892	0
1308	1	15789	2751516	0
1309	1	14450	2755512	0
1310	1	15151	2759176	0
1311	1	6845	2763012	0
1312	1	6115	2764772	0
1313	1	6484	2766352	0
1314	1	2331	2768024	0
1315	1	2007	2768656	0
1316	1	2039	2769208	0
1317	1	7545	2769768	0
1318	1	6493	2771704	0
1319	1	7402	2773376	0
1320	1	6531	2775276	0
1321	1	5223	2776960	0
1322	1	7551	2778316	0
1323	1	2272	2780252	0
1324	1	2237	2780868	0
1325	1	2041	2781476	0
1326	1	12069	2782036	0
1327	1	10816	2785104	0
1328	1	11625	2787856	0
1329	1	14377	2790812	0
1330	1	11951	2794456	0
1331	1	13671	2797492	0
1332	1	17914	2800960	0
1333	1	14846	2805488	0
1334	1	17519	2809248	0
1335	1	9124	2813676	0
1336	1	8538	2816008	0
1337	1	8527	2818192	0
1338	1	9871	2820372	0
1339	1	8971	2822888	0
1340	1	8915	2825180	0
1341	1	7622	2827460	0
1342	1	6868	2829416	0
1343	1	7679	2831184	0
1344	1	12923	2833152	0
1345	1	11662	2836432	0
1346	1	12254	2839396	0
1347	1	3292	2842508	0
1348	1	2709	2843380	0
1349	1	4416	2844108	0
1350	1	12049	2845260	0
1351	1	10362	2848324	0
1352	1	12330	2850964	0
1353	1	9199	2854096	0
1354	1	8370	2856444	0
1355	1	8432	2858588	0
1356	1	5139	2860744	0
1357	1	4429	2862080	0
1358	1	7805	2863236	0
1359	1	6811	2865236	0
1360	1	6281	2866988	0
1361	1	6426	2868608	0
1362	1	10351	2870264	0
1363	1	7884	2872900	0
1364	1	10969	2874920	0
1365	1	10504	2877712	0
1366	1	9076	2880388	0
1367	1	10046	2882708	0
1368	1	14289	2885268	0
1369	1	13365	2888892	0
1370	1	13217	2892284	0
1371	1	5563	2895640	0
1372	1	4581	2897080	0
1373	1	5632	2898276	0
1374	1	13214	2899732	0
1375	1	11869	2903084	0
1376	1	12477	2906100	0
1377	1	6313	2909268	0
1378	1	6068	2910896	0
1379	1	5724	2912464	0
1380	1	9491	2913944	0
1381	1	7624	2916368	0
1382	1	9923	2918324	0
1383	1	5357	2920856	0
1384	1	4280	2922244	0
1385	1	5604	2923364	0
1386	1	8377	2924816	0
1387	1	7364	2926960	0
1388	1	7908	2928852	0
1389	1	5065	2930880	0
1390	1	4694	2932196	0
1391	1	4836	2933420	0
1392	1	3235	2934680	0
1393	1	2934	2935540	0
1394	1	2921	2936324	0
1395	1	8863	2937104	0
1396	1	7833	2939368	0
1397	1	8413	2941376	0
1398	1	4041	2943528	0
1399	1	3186	2944588	0
1400	1	4189	2945436	0
1401	1	10254	2946532	0
1402	1	9218	2949144	0
1403	1	9277	2951500	0
1404	1	11958	2953868	0
1405	1	9671	2956908	0
1406	1	14399	2959376	0
1407	1	3156	2963024	0
1408	1	3001	2963864	0
1409	1	2984	2964664	0
1410	1	5054	2965460	0
1411	1	4396	2966772	0
1412	1	4887	2967920	0
1413	1	8413	2969192	0
1414	1	7605	2971344	0
1415	1	7963	2973296	0
1416	1	12131	2975336	0
1417	1	11242	2978420	0
1418	1	11700	2981280	0
1419	1	2399	2984256	0
1420	1	2267	2984904	0
1421	1	2226	2985520	0
1422	1	11968	2986128	0
1423	1	10847	2989168	0
1424	1	11428	2991928	0
1425	1	4600	2994836	0
1426	1	4029	2996036	0
1427	1	4486	2997092	0
1428	1	5801	2998264	0
1429	1	5173	2999764	0
1430	1	5569	3001108	0
1431	1	14947	3002552	0
1432	1	13498	3006340	0
1433	1	13922	3009764	0
1434	1	17609	3013296	0
1435	1	14393	3017748	0
1436	1	18163	3021396	0
1437	1	10987	3025988	0
1438	1	9663	3028784	0
1439	1	10510	3031248	0
1440	1	10882	3033924	0
1441	1	9982	3036696	0
1442	1	10391	3039240	0
1443	1	2090	3041888	0
1444	1	1889	3042460	0
1445	1	1974	3042984	0
1446	1	7633	3043528	0
1447	1	6954	3045488	0
1448	1	10026	3047276	0
1449	1	4770	3049832	0
1450	1	3932	3051076	0
1451	1	4609	3052108	0
1452	1	4322	3053312	0
1453	1	3952	3054444	0
1454	1	5562	3055480	0
1455	1	4413	3056920	0
1456	1	4005	3058072	0
1457	1	4093	3059124	0
1458	1	6325	3060196	0
1459	1	5852	3061828	0
1460	1	5660	3063340	0
1461	1	9281	3064804	0
1462	1	8425	3067176	0
1463	1	8864	3069332	0
1464	1	10072	3071596	0
1465	1	9512	3074164	0
1466	1	9432	3076592	0
1467	1	4096	3079000	0
1468	1	3386	3080072	0
1469	1	4363	3080968	0
1470	1	7090	3082108	0
1471	1	6543	3083932	0
1472	1	6648	3085616	0
1473	1	11740	3087328	0
1474	1	10066	3090312	0
1475	1	10782	3092880	0
1476	1	8868	3095624	0
1477	1	7322	3097892	0
1478	1	8377	3099772	0
1479	1	8601	3101916	0
1480	1	7947	3104116	0
1481	1	8197	3106152	0
1482	1	15143	3108252	0
1483	1	13534	3112088	0
1484	1	14586	3115520	0
1485	1	4878	3119216	0
1486	1	4469	3120484	0
1487	1	4621	3121652	0
1488	1	5230	3122856	0
1489	1	4374	3124212	0
1490	1	5016	3125356	0
1491	1	18906	3126660	0
1492	1	16806	3131436	0
1493	1	18209	3135688	0
1494	1	7760	3140292	0
1495	1	7262	3142280	0
1496	1	7355	3144144	0
1497	1	19754	3146032	0
1498	1	17000	3151020	0
1499	1	18962	3155320	0
1500	1	11830	3160112	0
1501	1	10311	3163120	0
1502	1	11415	3165748	0
1503	1	1742	3168652	0
1504	1	1697	3169136	0
1505	1	1585	3169612	0
1506	1	8264	3170060	0
1507	1	7163	3172176	0
1508	1	7889	3174016	0
1509	1	8853	3176040	0
1510	1	7914	3178304	0
1511	1	8237	3180332	0
1512	1	22970	3182440	0
1513	1	20996	3188232	0
1514	1	21229	3193532	0
1515	1	8401	3198888	0
1516	1	6920	3201040	0
1517	1	9019	3202820	0
1518	1	12852	3205124	0
1519	1	11711	3208388	0
1520	1	11836	3211364	0
1521	1	5049	3214372	0
1522	1	4267	3215684	0
1523	1	4940	3216800	0
1524	1	7835	3218084	0
1525	1	6951	3220092	0
1526	1	7282	3221880	0
1527	1	2240	3223752	0
1528	1	1975	3224360	0
1529	1	4471	3224904	0
1530	1	7500	3226072	0
1531	1	6609	3227996	0
1532	1	6862	3229700	0
1533	1	7283	3231464	0
1534	1	6438	3233336	0
1535	1	6959	3234996	0
1536	1	19657	3236784	0
1537	1	17703	3241748	0
1538	1	19006	3246224	0
1539	1	7834	3251024	0
1540	1	6860	3253032	0
1541	1	7303	3254796	0
1542	1	10042	3256672	0
1543	1	9446	3259232	0
1544	1	9261	3261644	0
1545	1	7909	3264008	0
1546	1	6370	3266036	0
1547	1	9405	3267680	0
1548	1	2950	3270080	0
1549	1	2418	3270868	0
1550	1	3661	3271524	0
1551	1	13088	3272488	0
1552	1	12517	3275808	0
1553	1	11654	3278988	0
1554	1	10214	3281952	0
1555	1	9363	3284556	0
1556	1	9160	3286948	0
1557	1	7449	3289288	0
1558	1	6939	3291200	0
1559	1	6818	3292984	0
1560	1	3290	3294740	0
1561	1	2592	3295612	0
1562	1	3674	3296308	0
1563	1	14412	3297276	0
1564	1	12665	3300928	0
1565	1	13846	3304144	0
1566	1	8183	3307656	0
1567	1	8271	3309752	0
1568	1	7002	3311868	0
1569	1	8848	3313668	0
1570	1	10263	3315928	0
1571	1	7428	3318544	0
1572	1	3438	3320452	0
1573	1	3137	3321360	0
1574	1	3274	3322196	0
1575	1	1010	3323064	0
1576	1	11054	3323368	0
1577	1	9862	3326180	0
1578	1	10689	3328696	0
1579	1	1338	3331420	0
1580	1	1140	3331804	0
1581	1	1255	3332140	0
1582	1	7790	3332504	0
1583	1	7148	3334500	0
1584	1	7377	3336336	0
1585	1	12347	3338232	0
1586	1	10954	3341368	0
1587	1	11794	3344156	0
1588	1	13099	3347156	0
1589	1	11382	3350480	0
1590	1	13226	3353376	0
1591	1	13113	3356732	0
1592	1	11603	3360060	0
1593	1	12552	3363012	0
1594	1	12753	3366200	0
1595	1	10261	3369440	0
1596	1	12369	3372056	0
1597	1	4644	3375200	0
1598	1	3753	3376412	0
1599	1	5805	3377400	0
1600	1	12931	3378900	0
1601	1	11790	3382184	0
1602	1	12331	3385180	0
1603	1	15506	3388312	0
1604	1	13671	3392240	0
1605	1	14883	3395708	0
1606	1	12194	3399480	0
1607	1	10343	3402580	0
1608	1	11952	3405216	0
1609	1	7014	3408252	0
1610	1	7458	3410056	0
1611	1	6242	3411972	0
1612	1	16133	3413584	0
1613	1	14041	3417668	0
1614	1	15458	3421228	0
1615	1	9566	3425144	0
1616	1	8777	3427584	0
1617	1	9195	3429828	0
1618	1	5838	3432176	0
1619	1	4740	3433684	0
1620	1	6669	3434920	0
1621	1	10307	3436636	0
1622	1	9166	3439264	0
1623	1	9902	3441604	0
1624	1	11431	3444128	0
1625	1	10656	3447036	0
1626	1	10318	3449748	0
1627	1	9535	3452376	0
1628	1	8492	3454808	0
1629	1	9014	3456980	0
1630	1	9702	3459284	0
1631	1	8553	3461760	0
1632	1	9570	3463948	0
1633	1	12665	3466392	0
1634	1	10191	3469608	0
1635	1	12248	3472204	0
1636	1	1350	3475316	0
1637	1	1254	3475704	0
1638	1	1255	3476068	0
1639	1	5725	3476432	0
1640	1	4668	3477912	0
1641	1	7508	3479128	0
1642	1	8095	3481056	0
1643	1	6634	3483128	0
1644	1	8153	3484836	0
1645	1	9267	3486924	0
1646	1	7787	3489292	0
1647	1	8855	3491288	0
1648	1	9499	3493552	0
1649	1	7796	3495976	0
1650	1	9607	3497976	0
1651	1	4334	3500428	0
1652	1	3684	3501560	0
1653	1	4950	3502532	0
1654	1	5082	3503820	0
1655	1	4584	3505140	0
1656	1	8453	3506336	0
1657	1	16851	3508500	0
1658	1	16475	3512764	0
1659	1	16337	3516932	0
1660	1	7698	3521068	0
1661	1	7271	3523044	0
1662	1	6567	3524912	0
1663	1	5751	3526604	0
1664	1	5481	3528092	0
1665	1	5265	3529512	0
1666	1	13344	3530880	0
1667	1	12360	3534264	0
1668	1	12575	3537404	0
1669	1	10396	3540596	0
1670	1	8998	3543244	0
1671	1	10940	3545544	0
1672	1	4317	3548328	0
1673	1	4044	3549456	0
1674	1	4104	3550516	0
1675	1	17908	3551592	0
1676	1	16172	3556120	0
1677	1	16710	3560212	0
1678	1	7591	3564440	0
1679	1	6473	3566388	0
1680	1	10824	3568056	0
1681	1	10134	3570812	0
1682	1	9474	3573396	0
1683	1	9601	3575816	0
1684	1	9809	3578268	0
1685	1	7919	3580772	0
1686	1	9493	3582800	0
1687	1	9991	3585224	0
1688	1	7870	3587772	0
1689	1	9682	3589788	0
1690	1	4096	3592260	0
1691	1	3616	3593332	0
1692	1	3758	3594284	0
1693	1	9608	3595272	0
1694	1	8020	3597724	0
1695	1	9484	3599780	0
1696	1	11527	3602200	0
1697	1	10481	3605132	0
1698	1	10760	3607804	0
1699	1	11180	3610544	0
1700	1	9846	3613388	0
1701	1	10795	3615900	0
1702	1	8494	3618648	0
1703	1	7850	3620820	0
1704	1	7971	3622832	0
1705	1	7225	3624876	0
1706	1	6312	3626732	0
1707	1	6963	3628360	0
1708	1	2377	3630152	0
1709	1	2221	3630796	0
1710	1	2183	3631400	0
1711	1	2454	3631996	0
1712	1	1929	3632660	0
1713	1	2439	3633192	0
1714	1	15569	3633852	0
1715	1	13285	3637796	0
1716	1	13619	3641168	0
1717	1	13238	3644624	0
1718	1	10642	3647984	0
1719	1	12788	3650696	0
1720	1	5927	3653944	0
1721	1	5235	3655476	0
1722	1	6408	3656836	0
1723	1	5355	3658488	0
1724	1	5014	3659876	0
1725	1	4812	3661180	0
1726	1	18887	3662432	0
1727	1	16611	3667204	0
1728	1	18116	3671408	0
1729	1	4167	3675988	0
1730	1	5508	3677080	0
1731	1	3560	3678508	0
1732	1	6785	3679448	0
1733	1	6145	3681196	0
1734	1	7144	3682784	0
1735	1	7018	3684620	0
1736	1	6150	3686424	0
1737	1	6555	3688012	0
1738	1	5909	3689700	0
1739	1	5288	3691228	0
1740	1	5474	3692600	0
1741	1	7872	3694020	0
1742	1	7303	3696036	0
1743	1	6984	3697912	0
1744	1	44947	3699708	0
1745	1	38903	3710996	0
1746	1	42451	3720772	0
1747	1	12925	3731436	0
1748	1	12022	3734716	0
1749	1	12141	3737772	0
1750	1	12688	3740856	0
1751	1	11282	3744076	0
1752	1	12362	3746948	0
1753	1	5663	3750088	0
1754	1	4473	3751552	0
1755	1	6175	3752720	0
1756	1	7885	3754312	0
1757	1	7914	3756332	0
1758	1	6681	3758360	0
1759	1	7389	3760080	0
1760	1	6356	3761976	0
1761	1	6894	3763616	0
1762	1	7658	3765388	0
1763	1	6809	3767352	0
1764	1	7063	3769104	0
1765	1	5473	3770920	0
1766	1	4715	3772340	0
1767	1	5359	3773568	0
1768	1	7329	3774956	0
1769	1	6205	3776840	0
1770	1	6989	3778440	0
1771	1	7129	3780236	0
1772	1	5739	3782068	0
1773	1	7153	3783552	0
1774	1	8962	3785392	0
1775	1	7078	3787684	0
1776	1	8722	3789504	0
1777	1	5936	3791736	0
1778	1	5422	3793268	0
1779	1	5537	3794672	0
1780	1	10713	3796108	0
1781	1	9055	3798836	0
1782	1	11700	3801148	0
1783	1	1519	3804124	0
1784	1	1427	3804552	0
1785	1	1418	3804960	0
1786	1	17491	3805364	0
1787	1	13683	3809788	0
1788	1	17304	3813260	0
1789	1	7952	3817636	0
1790	1	6238	3819672	0
1791	1	9753	3821280	0
1792	1	12244	3823768	0
1793	1	10910	3826880	0
1794	1	11743	3829656	0
1795	1	4557	3832640	0
1796	1	4174	3833828	0
1797	1	4331	3834920	0
1798	1	5806	3836052	0
1799	1	5326	3837552	0
1800	1	5303	3838932	0
1801	1	5496	3840308	0
1802	1	5136	3841732	0
1803	1	4695	3843064	0
1804	1	6385	3844288	0
1805	1	5856	3845936	0
1806	1	6013	3847448	0
1807	1	8349	3849000	0
1808	1	7969	3851136	0
1809	1	7761	3853180	0
1810	1	8387	3855172	0
1811	1	7763	3857320	0
1812	1	7880	3859312	0
1813	1	5804	3861332	0
1814	1	5378	3862832	0
1815	1	10271	3864228	0
1816	1	9709	3866844	0
1817	1	7922	3869320	0
1818	1	9476	3871352	0
1819	1	9569	3873772	0
1820	1	7702	3876216	0
1821	1	9650	3878192	0
1822	1	14562	3880656	0
1823	1	14159	3884348	0
1824	1	13127	3887936	0
1825	1	4746	3891268	0
1826	1	3882	3892504	0
1827	1	4804	3893524	0
1828	1	10666	3894776	0
1829	1	9388	3897492	0
1830	1	10240	3899888	0
1831	1	18131	3902496	0
1832	1	16466	3907080	0
1833	1	17406	3911248	0
1834	1	1881	3915648	0
1835	1	1735	3916168	0
1836	1	1741	3916652	0
1837	1	9239	3917136	0
1838	1	7325	3919496	0
1839	1	9046	3921376	0
1840	1	10611	3923688	0
1841	1	8936	3926392	0
1842	1	10751	3928676	0
1843	1	7799	3931412	0
1844	1	9646	3933412	0
1845	1	7407	3935872	0
1846	1	4756	3937772	0
1847	1	4801	3939012	0
1848	1	4065	3940264	0
1849	1	9226	3941332	0
1850	1	7797	3943688	0
1851	1	10438	3945688	0
1852	1	8592	3948348	0
1853	1	7092	3950544	0
1854	1	9308	3952368	0
1855	1	4622	3954744	0
1856	1	5348	3955948	0
1857	1	3935	3957336	0
1858	1	16909	3958368	0
1859	1	15838	3962644	0
1860	1	15542	3966652	0
1861	1	2105	3970588	0
1862	1	1953	3971164	0
1863	1	1985	3971704	0
1864	1	7759	3972252	0
1865	1	7977	3974240	0
1866	1	7386	3976284	0
1867	1	3497	3978180	0
1868	1	3370	3979104	0
1869	1	3444	3979996	0
1870	1	5110	3980908	0
1871	1	4234	3982236	0
1872	1	5635	3983344	0
1873	1	11235	3984804	0
1874	1	10166	3987664	0
1875	1	10560	3990256	0
1876	1	1782	3992944	0
1877	1	1494	3993440	0
1878	1	1922	3993864	0
1879	1	10378	3994396	0
1880	1	9363	3997040	0
1881	1	9955	3999432	0
1882	1	12347	4001972	0
1883	1	11212	4005108	0
1884	1	10303	4007960	0
1885	1	1887	4010584	0
1886	1	1626	4011104	0
1887	1	1802	4011560	0
1888	1	1579	4012060	0
1889	1	1433	4012504	0
1890	1	1453	4012912	0
1891	1	7394	4013324	0
1892	1	6418	4015224	0
1893	1	6745	4016880	0
1894	1	1326	4018616	0
1895	1	1161	4018996	0
1896	1	1250	4019336	0
1897	1	8116	4019700	0
1898	1	6434	4021780	0
1899	1	9072	4023440	0
1900	1	3118	4025756	0
1901	1	2837	4026584	0
1902	1	2763	4027344	0
1903	1	9184	4028084	0
1904	1	8244	4030428	0
1905	1	8304	4032540	0
